[gd_scene load_steps=4 format=3 uid="uid://c37w2gscf0xed"]

[ext_resource type="Script" uid="uid://b8olmibwk4st4" path="res://Game/Entity/Master/master.gd" id="1_hgxny"]
[ext_resource type="PackedScene" uid="uid://1hqxpsd1i3ot" path="res://Game/Entity/Entity.tscn" id="1_sq51e"]
[ext_resource type="PackedScene" uid="uid://3d10kmwvr52c" path="res://Game/Master/Mage.glb" id="3_p5q8h"]

[node name="Master" instance=ExtResource("1_sq51e")]
script = ExtResource("1_hgxny")

[node name="ChatAnchor" parent="." index="0"]
transform = Transform3D(1, 0, 0, 0, 1, 0, 0, 0, 1, 0, 3.3570948, 0)

[node name="Mage" parent="." index="1" instance=ExtResource("3_p5q8h")]

[node name="Skeleton3D" parent="Mage/Rig" index="0"]
bones/1/position = Vector3(0, 0.39206383, 0)
bones/1/rotation = Quaternion(-1.11122625e-10, 0.043157753, 2.5724098e-09, 0.9990683)
bones/2/rotation = Quaternion(-6.938893e-18, 7.1054274e-15, 4.93038e-32, 1)
bones/3/rotation = Quaternion(8.271806e-25, 3.7252903e-09, -2.75506e-40, 1)
bones/4/position = Vector3(0.21200736, 0.13413203, 7.9299625e-08)
bones/4/rotation = Quaternion(-0.5599063, -0.060880348, -0.6439745, 0.5177794)
bones/5/rotation = Quaternion(3.6549825e-08, -4.8830096e-08, -0.49471933, 0.8690529)
bones/7/rotation = Quaternion(-0.32106528, -0.32531866, 0.14572594, 0.8774103)
bones/8/position = Vector3(8.348433e-10, 0.096125185, -0.057500035)
bones/8/rotation = Quaternion(-3.6586003e-09, 6.8781096e-09, -0.7071068, 0.7071067)
bones/9/position = Vector3(-0.21200737, 0.13413203, 8.6813984e-08)
bones/9/rotation = Quaternion(-0.6182439, 0.08072865, 0.61801153, 0.47887278)
bones/10/rotation = Quaternion(2.0985292e-08, 5.128552e-08, 0.5179393, 0.85541743)
bones/12/rotation = Quaternion(-0.31929126, 0.30052418, -0.22734973, 0.86951166)
bones/13/position = Vector3(-1.573599e-08, 0.096125126, -0.057499975)
bones/13/rotation = Quaternion(-1.0244433e-09, -4.24391e-09, 0.7071068, 0.7071067)
bones/14/rotation = Quaternion(-5.8060785e-11, -0.031341746, -1.880125e-09, 0.99950874)
bones/15/position = Vector3(0.17094508, 0.1135872, 1.5994095e-08)
bones/15/rotation = Quaternion(0.9961855, 0.04791363, 0.05664269, -0.04593895)
bones/16/rotation = Quaternion(0.16501395, 6.494141e-08, -1.1140718e-07, 0.9862913)
bones/17/rotation = Quaternion(-0.53372866, -0.26089525, -1.7298482e-05, 0.80440503)
bones/18/rotation = Quaternion(-2.320864e-08, 0.9203548, -0.39108446, 7.257426e-08)
bones/19/position = Vector3(-0.17094508, 0.11358732, 1.557549e-08)
bones/19/rotation = Quaternion(0.9973222, -0.029457364, 0.03152927, 0.05904832)
bones/20/rotation = Quaternion(0.2740081, -6.381352e-08, 1.9276102e-07, 0.9617275)
bones/21/rotation = Quaternion(-0.5590394, 0.11451276, -0.008627633, 0.82115)
bones/22/rotation = Quaternion(3.035913e-08, 0.9203548, -0.39108446, -6.953383e-08)
bones/23/rotation = Quaternion(0.7071068, -2.2930234e-07, -4.6055177e-08, 0.7071068)
bones/24/position = Vector3(0.21391787, 0.025990263, 0.17386575)
bones/24/rotation = Quaternion(-0.70509243, 0.05333549, 0.05333548, 0.70509243)
bones/25/rotation = Quaternion(9.6579225e-09, 1.7795515e-09, 0.98571914, -0.1683977)
bones/26/position = Vector3(-1.1148217e-08, 0.21343614, -5.3634723e-09)
bones/26/rotation = Quaternion(-1.1096062e-07, 0.39108434, 0.92035484, -2.6791865e-08)
bones/27/position = Vector3(-6.3112795e-09, 0.16565004, -7.102669e-09)
bones/28/rotation = Quaternion(1, -8.2736366e-11, 1.9462742e-07, -7.450581e-09)
bones/30/rotation = Quaternion(0.7071068, -3.823849e-08, 1.4500867e-07, 0.7071068)
bones/31/rotation = Quaternion(-0.7071068, -7.0528515e-08, -7.05285e-08, 0.7071068)
bones/32/rotation = Quaternion(-5.8358944e-09, 6.4383693e-10, 0.9948094, 0.10175614)
bones/33/position = Vector3(-1.114822e-08, 0.21343614, -2.5094192e-15)
bones/33/rotation = Quaternion(-1.05795515e-07, 0.39108434, 0.92035484, -2.5864264e-08)
bones/34/position = Vector3(-6.3112755e-09, 0.16565004, 2.7069498e-09)
bones/35/rotation = Quaternion(1, 3.7652574e-09, 1.9487908e-07, 7.4505815e-09)
bones/37/rotation = Quaternion(-0.7071068, -7.279511e-08, -7.279509e-08, 0.7071068)
bones/38/position = Vector3(0.52084064, 0.78831226, -0.05763735)
bones/38/rotation = Quaternion(0.7946267, -1.1175871e-07, 0.6070983, -5.9604645e-08)
bones/39/rotation = Quaternion(-0.7071068, -7.279511e-08, -7.279509e-08, 0.7071068)
bones/40/position = Vector3(-0.5108437, 0.78831214, 0.059736922)
bones/40/rotation = Quaternion(-0.7582528, -1.527369e-07, 0.65196073, -1.1175871e-08)

[node name="handslot_l" parent="Mage/Rig/Skeleton3D" index="0"]
transform = Transform3D(-3.5728657e-08, 0.26286295, 0.9648325, 0.99999917, -1.1920936e-07, 3.0257627e-07, 3.3321462e-07, 0.9648326, -0.2628631, 0.5077682, 0.63670504, -0.018521156)

[node name="handslot_r" parent="Mage/Rig/Skeleton3D" index="1"]
transform = Transform3D(3.6505978e-07, -0.14989431, -0.9887013, -0.99999905, 1.4901151e-07, -8.485395e-08, -2.2554677e-07, 0.98870134, -0.14989457, -0.49106094, 0.6410296, 0.10659543)

[node name="head" parent="Mage/Rig/Skeleton3D" index="2"]
transform = Transform3D(0.9997204, -1.4014349e-09, 0.023646597, 1.3934147e-09, 0.99999994, 3.5568634e-10, -0.023646597, -3.226374e-10, 0.9997204, -4.3038546e-09, 1.2278259, 1.5739471e-15)

[node name="chest" parent="Mage/Rig/Skeleton3D" index="3"]
transform = Transform3D(0.9962748, -5.1496167e-09, 0.08623532, 5.1304343e-09, 0.99999994, 4.4407705e-10, -0.08623532, 1.8800718e-15, 0.9962748, -2.9196552e-09, 0.9590293, 1.0685902e-15)

[node name="AnimationPlayer" parent="Mage" index="1"]
autoplay = "Idle"

[editable path="Mage"]
